image: test1_map.pgm
resolution: 0.010000
origin: [-42.080000, -36.320000, 0.000000]
negate: 0
occupied_thresh: 0.65
free_thresh: 0.196
